[array([0.370126, 0.001895]), array([0.997332, 0.934948]), array([0.092194, 0.004767, 0.30517 ]), array([0.401011, 0.42302 , 0.358317, 0.436922]), array([1.00000e-06, 6.97068e-01, 9.99999e-01, 9.99999e-01]), array([2.99712e-01, 1.00000e-06, 5.97820e-01, 9.99999e-01, 1.00000e-06]), array([1.00000e-06, 3.99660e-01, 3.39619e-01, 1.18118e-01, 3.32163e-01,
       8.30970e-01]), array([1.00000e-06, 1.00000e-06, 1.22929e-01, 1.00000e-06, 5.03935e-01,
       7.01055e-01, 3.88307e-01, 7.93085e-01])]
[array([0.534972, 0.832098]), array([1.00000e-06, 9.80701e-01]), array([0.061138, 0.999999, 0.418484]), array([0.467424, 0.436877, 0.169924, 0.421384]), array([1.00000e-06, 1.00000e-06, 9.99999e-01, 9.99999e-01]), array([3.66305e-01, 1.00000e-06, 9.99999e-01, 9.99999e-01, 9.99999e-01]), array([1.00000e-06, 2.76256e-01, 1.05071e-01, 1.00000e-06, 3.90939e-01,
       6.25091e-01]), array([1.50001e-01, 1.16174e-01, 1.00000e-06, 1.00000e-06, 7.98048e-01,
       5.51055e-01, 2.29258e-01, 9.99999e-01])]
[array([0.719209, 0.521196]), array([0.712094, 0.386948]), array([0.947764, 0.999999, 0.851872]), array([0.312066, 0.436953, 0.489139, 0.452193]), array([1.00000e-06, 9.99999e-01, 9.99999e-01, 9.99999e-01]), array([1.00000e-06, 7.05169e-01, 1.00000e-06, 9.99999e-01, 2.27464e-01]), array([1.00000e-06, 3.30110e-01, 4.23333e-01, 3.19325e-01, 3.98151e-01,
       8.83177e-01]), array([1.00000e-06, 1.00000e-06, 1.00000e-06, 1.50001e-01, 9.99999e-01,
       7.38555e-01, 3.49710e-02, 8.44813e-01])]
[array([0.38, 0.39]), array([0.750309, 0.784174]), array([0.9     , 0.495997, 0.384764]), array([0.438156, 0.398175, 0.387517, 0.433869]), array([0.999999, 0.999999, 0.999999, 0.999999]), array([4.81864e-01, 4.32251e-01, 9.99999e-01, 9.99999e-01, 1.00000e-06]), array([1.00000e-06, 4.80110e-01, 5.73333e-01, 1.87045e-01, 4.27761e-01,
       9.99999e-01]), array([1.00000e-06, 2.45035e-01, 1.50001e-01, 1.00000e-06, 9.99999e-01,
       4.01055e-01, 1.00000e-06, 9.99999e-01])]
[array([0.64, 0.7 ]), array([0.695, 0.5  ]), array([0.471699, 0.521043, 0.421162]), array([0.413842, 0.45361 , 0.374447, 0.418995]), array([9.99999e-01, 9.99999e-01, 1.00000e-06, 1.00000e-06]), array([0.45, 0.3 , 0.6 , 0.75, 0.15]), array([1.00000e-06, 2.69055e-01, 3.74113e-01, 3.12202e-01, 3.95631e-01,
       8.22076e-01]), array([0.  , 0.  , 0.  , 0.  , 1.  , 0.65, 0.15, 1.  ])]
[array([0.66 , 0.664]), array([7.10092e-01, 1.00000e-06]), array([0.47, 0.52, 0.42]), array([0.381503, 0.39243 , 0.354062, 0.432585]), array([9.99999e-01, 9.99999e-01, 9.99999e-01, 1.00000e-06]), array([0.45, 0.3 , 0.65, 0.75, 0.1 ]), array([1.00000e-06, 1.48655e-01, 3.12035e-01, 2.69920e-01, 4.23188e-01,
       8.01399e-01]), array([0.165119, 0.109363, 0.149738, 0.062786, 1.      , 0.49393 ,
       0.196677, 1.      ])]
[array([0.66203, 0.6604 ]), array([0.689062, 0.386   ]), array([0.465, 0.515, 0.415]), array([0.396929, 0.409784, 0.356387, 0.46908 ]), array([0.999999, 0.999999, 0.999999, 0.999999]), array([4.48933e-01, 2.45806e-01, 8.46813e-01, 6.39731e-01, 1.00000e-06]), array([1.00000e-06, 1.00000e-06, 4.36219e-01, 3.74451e-01, 4.05680e-01,
       8.09128e-01]), array([0.144929, 0.112877, 0.128619, 0.03117 , 1.      , 0.48149 ,
       0.180865, 1.      ])]
[array([0.663548, 0.660485]), array([0.759, 0.386]), array([0.154811, 0.      , 0.408589]), array([0.393916, 0.405079, 0.360578, 0.39424 ]), array([0.999999, 0.999999, 0.999999, 0.999999]), array([0.471, 0.3  , 0.548, 0.75 , 0.035]), array([1.00000e-06, 2.29456e-01, 4.40652e-01, 8.92916e-01, 4.01360e-01,
       8.02269e-01]), array([0.14022 , 0.12022 , 0.130547, 0.051253, 1.      , 0.487614,
       0.185037, 1.      ])]